0,0,0,100,90,1 depth of 0
0,2,1,100,88,0 depth of 1
0,1,0,100,89,1 depth of 2
2,1,1,98,89,0 depth of 3
1,1,0,99,89,1 depth of 4
3,1,1,97,89,0 depth of 5
2,1,0,98,89,1 depth of 6
4,1,1,96,89,0 depth of 7
3,1,0,97,89,1 depth of 8
5,1,1,95,89,0 depth of 9
4,1,0,96,89,1 depth of 10
6,1,1,94,89,0 depth of 11
5,1,0,95,89,1 depth of 12
7,1,1,93,89,0 depth of 13
6,1,0,94,89,1 depth of 14
8,1,1,92,89,0 depth of 15
7,1,0,93,89,1 depth of 16
9,1,1,91,89,0 depth of 17
8,1,0,92,89,1 depth of 18
10,1,1,90,89,0 depth of 19
9,1,0,91,89,1 depth of 20
11,1,1,89,89,0 depth of 21
10,1,0,90,89,1 depth of 22
11,2,1,89,88,0 depth of 23
9,2,0,91,88,1 depth of 24
9,4,1,91,86,0 depth of 25
7,4,0,93,86,1 depth of 26
8,5,1,92,85,0 depth of 27
7,5,0,93,85,1 depth of 28
9,5,1,91,85,0 depth of 29
8,5,0,92,85,1 depth of 30
10,5,1,90,85,0 depth of 31
10,3,0,90,87,1 depth of 32
12,3,1,88,87,0 depth of 33
11,3,0,89,87,1 depth of 34
13,3,1,87,87,0 depth of 35
12,3,0,88,87,1 depth of 36
13,4,1,87,86,0 depth of 37
11,4,0,89,86,1 depth of 38
11,6,1,89,84,0 depth of 39
9,6,0,91,84,1 depth of 40
10,7,1,90,83,0 depth of 41
9,7,0,91,83,1 depth of 42
9,9,1,91,81,0 depth of 43
9,8,0,91,82,1 depth of 44
11,8,1,89,82,0 depth of 45
10,7,0,90,83,1 depth of 46
12,7,1,88,83,0 depth of 47
12,5,0,88,85,1 depth of 48
14,5,1,86,85,0 depth of 49
13,5,0,87,85,1 depth of 50
15,5,1,85,85,0 depth of 51
14,5,0,86,85,1 depth of 52
15,6,1,85,84,0 depth of 53
13,6,0,87,84,1 depth of 54
13,8,1,87,82,0 depth of 55
11,8,0,89,82,1 depth of 56
12,9,1,88,81,0 depth of 57
11,9,0,89,81,1 depth of 58
11,11,1,89,79,0 depth of 59
11,10,0,89,80,1 depth of 60
13,10,1,87,80,0 depth of 61
12,9,0,88,81,1 depth of 62
14,9,1,86,81,0 depth of 63
14,7,0,86,83,1 depth of 64
16,7,1,84,83,0 depth of 65
15,7,0,85,83,1 depth of 66
17,7,1,83,83,0 depth of 67
16,7,0,84,83,1 depth of 68
17,8,1,83,82,0 depth of 69
15,8,0,85,82,1 depth of 70
15,10,1,85,80,0 depth of 71
13,10,0,87,80,1 depth of 72
14,11,1,86,79,0 depth of 73
13,11,0,87,79,1 depth of 74
13,13,1,87,77,0 depth of 75
13,12,0,87,78,1 depth of 76
15,12,1,85,78,0 depth of 77
14,11,0,86,79,1 depth of 78
16,11,1,84,79,0 depth of 79
16,9,0,84,81,1 depth of 80
18,9,1,82,81,0 depth of 81
17,9,0,83,81,1 depth of 82
19,9,1,81,81,0 depth of 83
18,9,0,82,81,1 depth of 84
19,10,1,81,80,0 depth of 85
17,10,0,83,80,1 depth of 86
17,12,1,83,78,0 depth of 87
15,12,0,85,78,1 depth of 88
16,13,1,84,77,0 depth of 89
15,13,0,85,77,1 depth of 90
15,15,1,85,75,0 depth of 91
15,14,0,85,76,1 depth of 92
17,14,1,83,76,0 depth of 93
16,13,0,84,77,1 depth of 94
18,13,1,82,77,0 depth of 95
18,11,0,82,79,1 depth of 96
20,11,1,80,79,0 depth of 97
19,11,0,81,79,1 depth of 98
21,11,1,79,79,0 depth of 99
20,11,0,80,79,1 depth of 100
21,12,1,79,78,0 depth of 101
19,12,0,81,78,1 depth of 102
19,14,1,81,76,0 depth of 103
17,14,0,83,76,1 depth of 104
17,16,1,83,74,0 depth of 105
16,16,0,84,74,1 depth of 106
17,17,1,83,73,0 depth of 107
17,16,0,83,74,1 depth of 108
19,16,1,81,74,0 depth of 109
18,15,0,82,75,1 depth of 110
20,15,1,80,75,0 depth of 111
20,13,0,80,77,1 depth of 112
22,13,1,78,77,0 depth of 113
21,13,0,79,77,1 depth of 114
23,13,1,77,77,0 depth of 115
22,13,0,78,77,1 depth of 116
23,14,1,77,76,0 depth of 117
21,14,0,79,76,1 depth of 118
21,16,1,79,74,0 depth of 119
19,16,0,81,74,1 depth of 120
20,17,1,80,73,0 depth of 121
19,17,0,81,73,1 depth of 122
19,19,1,81,71,0 depth of 123
19,18,0,81,72,1 depth of 124
21,18,1,79,72,0 depth of 125
20,17,0,80,73,1 depth of 126
22,17,1,78,73,0 depth of 127
22,15,0,78,75,1 depth of 128
24,15,1,76,75,0 depth of 129
23,15,0,77,75,1 depth of 130
25,15,1,75,75,0 depth of 131
24,15,0,76,75,1 depth of 132
25,16,1,75,74,0 depth of 133
23,16,0,77,74,1 depth of 134
23,18,1,77,72,0 depth of 135
21,18,0,79,72,1 depth of 136
22,19,1,78,71,0 depth of 137
21,19,0,79,71,1 depth of 138
21,21,1,79,69,0 depth of 139
21,20,0,79,70,1 depth of 140
23,20,1,77,70,0 depth of 141
22,19,0,78,71,1 depth of 142
24,19,1,76,71,0 depth of 143
24,17,0,76,73,1 depth of 144
26,17,1,74,73,0 depth of 145
25,17,0,75,73,1 depth of 146
27,17,1,73,73,0 depth of 147
26,17,0,74,73,1 depth of 148
27,18,1,73,72,0 depth of 149
25,18,0,75,72,1 depth of 150
25,20,1,75,70,0 depth of 151
23,20,0,77,70,1 depth of 152
24,21,1,76,69,0 depth of 153
23,21,0,77,69,1 depth of 154
23,23,1,77,67,0 depth of 155
23,22,0,77,68,1 depth of 156
25,22,1,75,68,0 depth of 157
24,21,0,76,69,1 depth of 158
26,21,1,74,69,0 depth of 159
26,19,0,74,71,1 depth of 160
28,19,1,72,71,0 depth of 161
27,19,0,73,71,1 depth of 162
29,19,1,71,71,0 depth of 163
28,19,0,72,71,1 depth of 164
29,20,1,71,70,0 depth of 165
27,20,0,73,70,1 depth of 166
27,22,1,73,68,0 depth of 167
25,22,0,75,68,1 depth of 168
26,23,1,74,67,0 depth of 169
25,23,0,75,67,1 depth of 170
25,25,1,75,65,0 depth of 171
25,24,0,75,66,1 depth of 172
27,24,1,73,66,0 depth of 173
26,23,0,74,67,1 depth of 174
28,23,1,72,67,0 depth of 175
28,21,0,72,69,1 depth of 176
30,21,1,70,69,0 depth of 177
29,21,0,71,69,1 depth of 178
31,21,1,69,69,0 depth of 179
30,21,0,70,69,1 depth of 180
31,22,1,69,68,0 depth of 181
29,22,0,71,68,1 depth of 182
29,24,1,71,66,0 depth of 183
27,24,0,73,66,1 depth of 184
28,25,1,72,65,0 depth of 185
27,25,0,73,65,1 depth of 186
27,27,1,73,63,0 depth of 187
27,26,0,73,64,1 depth of 188
29,26,1,71,64,0 depth of 189
28,25,0,72,65,1 depth of 190
30,25,1,70,65,0 depth of 191
30,23,0,70,67,1 depth of 192
32,23,1,68,67,0 depth of 193
31,23,0,69,67,1 depth of 194
33,23,1,67,67,0 depth of 195
32,23,0,68,67,1 depth of 196
33,24,1,67,66,0 depth of 197
31,24,0,69,66,1 depth of 198
31,26,1,69,64,0 depth of 199
29,26,0,71,64,1 depth of 200
30,27,1,70,63,0 depth of 201
29,27,0,71,63,1 depth of 202
29,29,1,71,61,0 depth of 203
29,28,0,71,62,1 depth of 204
31,28,1,69,62,0 depth of 205
30,27,0,70,63,1 depth of 206
32,27,1,68,63,0 depth of 207
32,25,0,68,65,1 depth of 208
34,25,1,66,65,0 depth of 209
33,25,0,67,65,1 depth of 210
35,25,1,65,65,0 depth of 211
34,25,0,66,65,1 depth of 212
35,26,1,65,64,0 depth of 213
33,26,0,67,64,1 depth of 214
33,28,1,67,62,0 depth of 215
31,28,0,69,62,1 depth of 216
32,29,1,68,61,0 depth of 217
31,29,0,69,61,1 depth of 218
31,31,1,69,59,0 depth of 219
31,30,0,69,60,1 depth of 220
33,30,1,67,60,0 depth of 221
32,29,0,68,61,1 depth of 222
34,29,1,66,61,0 depth of 223
34,27,0,66,63,1 depth of 224
36,27,1,64,63,0 depth of 225
35,27,0,65,63,1 depth of 226
37,27,1,63,63,0 depth of 227
36,27,0,64,63,1 depth of 228
37,28,1,63,62,0 depth of 229
35,28,0,65,62,1 depth of 230
35,30,1,65,60,0 depth of 231
33,30,0,67,60,1 depth of 232
34,31,1,66,59,0 depth of 233
33,31,0,67,59,1 depth of 234
33,33,1,67,57,0 depth of 235
33,32,0,67,58,1 depth of 236
35,32,1,65,58,0 depth of 237
34,31,0,66,59,1 depth of 238
36,31,1,64,59,0 depth of 239
36,29,0,64,61,1 depth of 240
38,29,1,62,61,0 depth of 241
37,29,0,63,61,1 depth of 242
39,29,1,61,61,0 depth of 243
38,29,0,62,61,1 depth of 244
39,30,1,61,60,0 depth of 245
37,30,0,63,60,1 depth of 246
37,32,1,63,58,0 depth of 247
35,32,0,65,58,1 depth of 248
36,33,1,64,57,0 depth of 249
35,33,0,65,57,1 depth of 250
35,35,1,65,55,0 depth of 251
35,34,0,65,56,1 depth of 252
37,34,1,63,56,0 depth of 253
36,33,0,64,57,1 depth of 254
38,33,1,62,57,0 depth of 255
38,31,0,62,59,1 depth of 256
40,31,1,60,59,0 depth of 257
39,31,0,61,59,1 depth of 258
41,31,1,59,59,0 depth of 259
40,31,0,60,59,1 depth of 260
41,32,1,59,58,0 depth of 261
39,32,0,61,58,1 depth of 262
39,34,1,61,56,0 depth of 263
37,34,0,63,56,1 depth of 264
38,35,1,62,55,0 depth of 265
37,35,0,63,55,1 depth of 266
37,37,1,63,53,0 depth of 267
37,36,0,63,54,1 depth of 268
39,36,1,61,54,0 depth of 269
38,35,0,62,55,1 depth of 270
40,35,1,60,55,0 depth of 271
40,33,0,60,57,1 depth of 272
42,33,1,58,57,0 depth of 273
41,33,0,59,57,1 depth of 274
43,33,1,57,57,0 depth of 275
42,33,0,58,57,1 depth of 276
43,34,1,57,56,0 depth of 277
41,34,0,59,56,1 depth of 278
41,36,1,59,54,0 depth of 279
39,36,0,61,54,1 depth of 280
40,37,1,60,53,0 depth of 281
39,37,0,61,53,1 depth of 282
39,39,1,61,51,0 depth of 283
39,38,0,61,52,1 depth of 284
41,38,1,59,52,0 depth of 285
40,37,0,60,53,1 depth of 286
42,37,1,58,53,0 depth of 287
42,35,0,58,55,1 depth of 288
44,35,1,56,55,0 depth of 289
43,35,0,57,55,1 depth of 290
45,35,1,55,55,0 depth of 291
44,35,0,56,55,1 depth of 292
45,36,1,55,54,0 depth of 293
43,36,0,57,54,1 depth of 294
43,38,1,57,52,0 depth of 295
41,38,0,59,52,1 depth of 296
42,39,1,58,51,0 depth of 297
41,39,0,59,51,1 depth of 298
41,41,1,59,49,0 depth of 299
41,40,0,59,50,1 depth of 300
43,40,1,57,50,0 depth of 301
42,39,0,58,51,1 depth of 302
44,39,1,56,51,0 depth of 303
44,37,0,56,53,1 depth of 304
46,37,1,54,53,0 depth of 305
45,37,0,55,53,1 depth of 306
47,37,1,53,53,0 depth of 307
46,37,0,54,53,1 depth of 308
47,38,1,53,52,0 depth of 309
45,38,0,55,52,1 depth of 310
45,40,1,55,50,0 depth of 311
43,40,0,57,50,1 depth of 312
44,41,1,56,49,0 depth of 313
43,41,0,57,49,1 depth of 314
43,43,1,57,47,0 depth of 315
43,42,0,57,48,1 depth of 316
45,42,1,55,48,0 depth of 317
44,41,0,56,49,1 depth of 318
46,41,1,54,49,0 depth of 319
46,39,0,54,51,1 depth of 320
48,39,1,52,51,0 depth of 321
47,39,0,53,51,1 depth of 322
49,39,1,51,51,0 depth of 323
48,39,0,52,51,1 depth of 324
49,40,1,51,50,0 depth of 325
47,40,0,53,50,1 depth of 326
47,42,1,53,48,0 depth of 327
45,42,0,55,48,1 depth of 328
46,43,1,54,47,0 depth of 329
45,43,0,55,47,1 depth of 330
45,45,1,55,45,0 depth of 331
45,44,0,55,46,1 depth of 332
47,44,1,53,46,0 depth of 333
46,43,0,54,47,1 depth of 334
48,43,1,52,47,0 depth of 335
48,41,0,52,49,1 depth of 336
50,41,1,50,49,0 depth of 337
49,41,0,51,49,1 depth of 338
51,41,1,49,49,0 depth of 339
50,41,0,50,49,1 depth of 340
51,42,1,49,48,0 depth of 341
49,42,0,51,48,1 depth of 342
49,44,1,51,46,0 depth of 343
47,44,0,53,46,1 depth of 344
48,45,1,52,45,0 depth of 345
47,45,0,53,45,1 depth of 346
47,47,1,53,43,0 depth of 347
47,46,0,53,44,1 depth of 348
49,46,1,51,44,0 depth of 349
48,45,0,52,45,1 depth of 350
50,45,1,50,45,0 depth of 351
50,43,0,50,47,1 depth of 352
52,43,1,48,47,0 depth of 353
51,43,0,49,47,1 depth of 354
53,43,1,47,47,0 depth of 355
52,43,0,48,47,1 depth of 356
53,44,1,47,46,0 depth of 357
51,44,0,49,46,1 depth of 358
51,46,1,49,44,0 depth of 359
49,46,0,51,44,1 depth of 360
50,47,1,50,43,0 depth of 361
49,47,0,51,43,1 depth of 362
49,49,1,51,41,0 depth of 363
49,48,0,51,42,1 depth of 364
51,48,1,49,42,0 depth of 365
50,47,0,50,43,1 depth of 366
52,47,1,48,43,0 depth of 367
52,45,0,48,45,1 depth of 368
54,45,1,46,45,0 depth of 369
53,45,0,47,45,1 depth of 370
55,45,1,45,45,0 depth of 371
54,45,0,46,45,1 depth of 372
55,46,1,45,44,0 depth of 373
53,46,0,47,44,1 depth of 374
53,48,1,47,42,0 depth of 375
51,48,0,49,42,1 depth of 376
52,49,1,48,41,0 depth of 377
51,49,0,49,41,1 depth of 378
51,51,1,49,39,0 depth of 379
51,50,0,49,40,1 depth of 380
53,50,1,47,40,0 depth of 381
52,49,0,48,41,1 depth of 382
54,49,1,46,41,0 depth of 383
54,47,0,46,43,1 depth of 384
56,47,1,44,43,0 depth of 385
55,47,0,45,43,1 depth of 386
57,47,1,43,43,0 depth of 387
56,47,0,44,43,1 depth of 388
57,48,1,43,42,0 depth of 389
55,48,0,45,42,1 depth of 390
55,50,1,45,40,0 depth of 391
53,50,0,47,40,1 depth of 392
54,51,1,46,39,0 depth of 393
53,51,0,47,39,1 depth of 394
53,53,1,47,37,0 depth of 395
53,52,0,47,38,1 depth of 396
55,52,1,45,38,0 depth of 397
54,51,0,46,39,1 depth of 398
56,51,1,44,39,0 depth of 399
56,49,0,44,41,1 depth of 400
58,49,1,42,41,0 depth of 401
57,49,0,43,41,1 depth of 402
59,49,1,41,41,0 depth of 403
58,49,0,42,41,1 depth of 404
59,50,1,41,40,0 depth of 405
57,50,0,43,40,1 depth of 406
57,52,1,43,38,0 depth of 407
55,52,0,45,38,1 depth of 408
56,53,1,44,37,0 depth of 409
55,53,0,45,37,1 depth of 410
55,55,1,45,35,0 depth of 411
55,54,0,45,36,1 depth of 412
57,54,1,43,36,0 depth of 413
56,53,0,44,37,1 depth of 414
58,53,1,42,37,0 depth of 415
58,51,0,42,39,1 depth of 416
60,51,1,40,39,0 depth of 417
59,51,0,41,39,1 depth of 418
61,51,1,39,39,0 depth of 419
60,51,0,40,39,1 depth of 420
61,52,1,39,38,0 depth of 421
59,52,0,41,38,1 depth of 422
59,54,1,41,36,0 depth of 423
57,54,0,43,36,1 depth of 424
58,55,1,42,35,0 depth of 425
57,55,0,43,35,1 depth of 426
57,57,1,43,33,0 depth of 427
57,56,0,43,34,1 depth of 428
59,56,1,41,34,0 depth of 429
58,55,0,42,35,1 depth of 430
60,55,1,40,35,0 depth of 431
60,53,0,40,37,1 depth of 432
62,53,1,38,37,0 depth of 433
61,53,0,39,37,1 depth of 434
63,53,1,37,37,0 depth of 435
62,53,0,38,37,1 depth of 436
63,54,1,37,36,0 depth of 437
61,54,0,39,36,1 depth of 438
61,56,1,39,34,0 depth of 439
59,56,0,41,34,1 depth of 440
60,57,1,40,33,0 depth of 441
59,57,0,41,33,1 depth of 442
59,59,1,41,31,0 depth of 443
59,58,0,41,32,1 depth of 444
61,58,1,39,32,0 depth of 445
60,57,0,40,33,1 depth of 446
62,57,1,38,33,0 depth of 447
62,55,0,38,35,1 depth of 448
64,55,1,36,35,0 depth of 449
63,55,0,37,35,1 depth of 450
65,55,1,35,35,0 depth of 451
64,55,0,36,35,1 depth of 452
65,56,1,35,34,0 depth of 453
63,56,0,37,34,1 depth of 454
63,58,1,37,32,0 depth of 455
61,58,0,39,32,1 depth of 456
61,60,1,39,30,0 depth of 457
60,60,0,40,30,1 depth of 458
61,61,1,39,29,0 depth of 459
61,60,0,39,30,1 depth of 460
63,60,1,37,30,0 depth of 461
62,59,0,38,31,1 depth of 462
64,59,1,36,31,0 depth of 463
64,57,0,36,33,1 depth of 464
66,57,1,34,33,0 depth of 465
65,57,0,35,33,1 depth of 466
67,57,1,33,33,0 depth of 467
66,57,0,34,33,1 depth of 468
67,58,1,33,32,0 depth of 469
65,58,0,35,32,1 depth of 470
65,60,1,35,30,0 depth of 471
63,60,0,37,30,1 depth of 472
64,61,1,36,29,0 depth of 473
63,61,0,37,29,1 depth of 474
63,63,1,37,27,0 depth of 475
63,62,0,37,28,1 depth of 476
65,62,1,35,28,0 depth of 477
64,61,0,36,29,1 depth of 478
66,61,1,34,29,0 depth of 479
66,59,0,34,31,1 depth of 480
68,59,1,32,31,0 depth of 481
67,59,0,33,31,1 depth of 482
69,59,1,31,31,0 depth of 483
68,59,0,32,31,1 depth of 484
69,60,1,31,30,0 depth of 485
67,60,0,33,30,1 depth of 486
67,62,1,33,28,0 depth of 487
65,62,0,35,28,1 depth of 488
66,63,1,34,27,0 depth of 489
65,63,0,35,27,1 depth of 490
65,65,1,35,25,0 depth of 491
65,64,0,35,26,1 depth of 492
67,64,1,33,26,0 depth of 493
66,63,0,34,27,1 depth of 494
68,63,1,32,27,0 depth of 495
68,61,0,32,29,1 depth of 496
70,61,1,30,29,0 depth of 497
69,61,0,31,29,1 depth of 498
71,61,1,29,29,0 depth of 499
70,61,0,30,29,1 depth of 500
71,62,1,29,28,0 depth of 501
69,62,0,31,28,1 depth of 502
69,64,1,31,26,0 depth of 503
67,64,0,33,26,1 depth of 504
68,65,1,32,25,0 depth of 505
67,65,0,33,25,1 depth of 506
67,67,1,33,23,0 depth of 507
67,66,0,33,24,1 depth of 508
69,66,1,31,24,0 depth of 509
68,65,0,32,25,1 depth of 510
70,65,1,30,25,0 depth of 511
70,63,0,30,27,1 depth of 512
72,63,1,28,27,0 depth of 513
71,63,0,29,27,1 depth of 514
73,63,1,27,27,0 depth of 515
72,63,0,28,27,1 depth of 516
73,64,1,27,26,0 depth of 517
71,64,0,29,26,1 depth of 518
71,66,1,29,24,0 depth of 519
69,66,0,31,24,1 depth of 520
70,67,1,30,23,0 depth of 521
69,67,0,31,23,1 depth of 522
69,69,1,31,21,0 depth of 523
69,68,0,31,22,1 depth of 524
71,68,1,29,22,0 depth of 525
70,67,0,30,23,1 depth of 526
72,67,1,28,23,0 depth of 527
72,65,0,28,25,1 depth of 528
74,65,1,26,25,0 depth of 529
73,65,0,27,25,1 depth of 530
75,65,1,25,25,0 depth of 531
74,65,0,26,25,1 depth of 532
75,66,1,25,24,0 depth of 533
73,66,0,27,24,1 depth of 534
73,68,1,27,22,0 depth of 535
71,68,0,29,22,1 depth of 536
72,69,1,28,21,0 depth of 537
71,69,0,29,21,1 depth of 538
71,71,1,29,19,0 depth of 539
71,70,0,29,20,1 depth of 540
73,70,1,27,20,0 depth of 541
72,69,0,28,21,1 depth of 542
74,69,1,26,21,0 depth of 543
74,67,0,26,23,1 depth of 544
76,67,1,24,23,0 depth of 545
75,67,0,25,23,1 depth of 546
77,67,1,23,23,0 depth of 547
76,67,0,24,23,1 depth of 548
77,68,1,23,22,0 depth of 549
75,68,0,25,22,1 depth of 550
75,70,1,25,20,0 depth of 551
73,70,0,27,20,1 depth of 552
74,71,1,26,19,0 depth of 553
73,71,0,27,19,1 depth of 554
73,73,1,27,17,0 depth of 555
73,72,0,27,18,1 depth of 556
75,72,1,25,18,0 depth of 557
74,71,0,26,19,1 depth of 558
76,71,1,24,19,0 depth of 559
76,69,0,24,21,1 depth of 560
78,69,1,22,21,0 depth of 561
77,69,0,23,21,1 depth of 562
79,69,1,21,21,0 depth of 563
78,69,0,22,21,1 depth of 564
79,70,1,21,20,0 depth of 565
77,70,0,23,20,1 depth of 566
77,72,1,23,18,0 depth of 567
75,72,0,25,18,1 depth of 568
76,73,1,24,17,0 depth of 569
75,73,0,25,17,1 depth of 570
75,75,1,25,15,0 depth of 571
75,74,0,25,16,1 depth of 572
77,74,1,23,16,0 depth of 573
76,73,0,24,17,1 depth of 574
78,73,1,22,17,0 depth of 575
78,71,0,22,19,1 depth of 576
80,71,1,20,19,0 depth of 577
79,71,0,21,19,1 depth of 578
81,71,1,19,19,0 depth of 579
80,71,0,20,19,1 depth of 580
81,72,1,19,18,0 depth of 581
79,72,0,21,18,1 depth of 582
79,74,1,21,16,0 depth of 583
77,74,0,23,16,1 depth of 584
78,75,1,22,15,0 depth of 585
77,75,0,23,15,1 depth of 586
77,77,1,23,13,0 depth of 587
77,76,0,23,14,1 depth of 588
79,76,1,21,14,0 depth of 589
78,75,0,22,15,1 depth of 590
80,75,1,20,15,0 depth of 591
80,73,0,20,17,1 depth of 592
82,73,1,18,17,0 depth of 593
81,73,0,19,17,1 depth of 594
83,73,1,17,17,0 depth of 595
82,73,0,18,17,1 depth of 596
83,74,1,17,16,0 depth of 597
81,74,0,19,16,1 depth of 598
81,76,1,19,14,0 depth of 599
79,76,0,21,14,1 depth of 600
80,77,1,20,13,0 depth of 601
79,77,0,21,13,1 depth of 602
79,79,1,21,11,0 depth of 603
79,78,0,21,12,1 depth of 604
81,78,1,19,12,0 depth of 605
80,77,0,20,13,1 depth of 606
82,77,1,18,13,0 depth of 607
82,75,0,18,15,1 depth of 608
84,75,1,16,15,0 depth of 609
83,75,0,17,15,1 depth of 610
85,75,1,15,15,0 depth of 611
84,75,0,16,15,1 depth of 612
85,76,1,15,14,0 depth of 613
83,76,0,17,14,1 depth of 614
83,78,1,17,12,0 depth of 615
81,78,0,19,12,1 depth of 616
82,79,1,18,11,0 depth of 617
81,79,0,19,11,1 depth of 618
81,81,1,19,9,0 depth of 619
81,80,0,19,10,1 depth of 620
83,80,1,17,10,0 depth of 621
82,79,0,18,11,1 depth of 622
84,79,1,16,11,0 depth of 623
84,77,0,16,13,1 depth of 624
86,77,1,14,13,0 depth of 625
85,77,0,15,13,1 depth of 626
87,77,1,13,13,0 depth of 627
86,77,0,14,13,1 depth of 628
87,78,1,13,12,0 depth of 629
85,78,0,15,12,1 depth of 630
85,80,1,15,10,0 depth of 631
83,80,0,17,10,1 depth of 632
84,81,1,16,9,0 depth of 633
83,81,0,17,9,1 depth of 634
83,83,1,17,7,0 depth of 635
83,82,0,17,8,1 depth of 636
85,82,1,15,8,0 depth of 637
84,81,0,16,9,1 depth of 638
86,81,1,14,9,0 depth of 639
86,79,0,14,11,1 depth of 640
88,79,1,12,11,0 depth of 641
87,79,0,13,11,1 depth of 642
89,79,1,11,11,0 depth of 643
88,79,0,12,11,1 depth of 644
89,80,1,11,10,0 depth of 645
87,80,0,13,10,1 depth of 646
87,82,1,13,8,0 depth of 647
85,82,0,15,8,1 depth of 648
86,83,1,14,7,0 depth of 649
85,83,0,15,7,1 depth of 650
85,85,1,15,5,0 depth of 651
85,84,0,15,6,1 depth of 652
87,84,1,13,6,0 depth of 653
86,83,0,14,7,1 depth of 654
88,83,1,12,7,0 depth of 655
88,81,0,12,9,1 depth of 656
90,81,1,10,9,0 depth of 657
89,81,0,11,9,1 depth of 658
91,81,1,9,9,0 depth of 659
90,81,0,10,9,1 depth of 660
91,82,1,9,8,0 depth of 661
89,82,0,11,8,1 depth of 662
89,84,1,11,6,0 depth of 663
87,84,0,13,6,1 depth of 664
88,85,1,12,5,0 depth of 665
87,85,0,13,5,1 depth of 666
87,87,1,13,3,0 depth of 667
87,86,0,13,4,1 depth of 668
89,86,1,11,4,0 depth of 669
88,85,0,12,5,1 depth of 670
90,85,1,10,5,0 depth of 671
90,83,0,10,7,1 depth of 672
92,83,1,8,7,0 depth of 673
91,83,0,9,7,1 depth of 674
93,83,1,7,7,0 depth of 675
92,83,0,8,7,1 depth of 676
93,84,1,7,6,0 depth of 677
91,84,0,9,6,1 depth of 678
91,86,1,9,4,0 depth of 679
89,86,0,11,4,1 depth of 680
90,87,1,10,3,0 depth of 681
89,87,0,11,3,1 depth of 682
89,89,1,11,1,0 depth of 683
89,88,0,11,2,1 depth of 684
91,88,1,9,2,0 depth of 685
90,87,0,10,3,1 depth of 686
92,87,1,8,3,0 depth of 687
92,85,0,8,5,1 depth of 688
94,85,1,6,5,0 depth of 689
93,85,0,7,5,1 depth of 690
95,85,1,5,5,0 depth of 691
94,85,0,6,5,1 depth of 692
95,86,1,5,4,0 depth of 693
93,86,0,7,4,1 depth of 694
93,88,1,7,2,0 depth of 695
92,88,0,8,2,1 depth of 696
93,89,1,7,1,0 depth of 697
92,89,0,8,1,1 depth of 698
94,89,1,6,1,0 depth of 699
94,87,0,6,3,1 depth of 700
96,87,1,4,3,0 depth of 701
95,87,0,5,3,1 depth of 702
97,87,1,3,3,0 depth of 703
96,87,0,4,3,1 depth of 704
97,88,1,3,2,0 depth of 705
96,88,0,4,2,1 depth of 706
98,88,1,2,2,0 depth of 707
97,88,0,3,2,1 depth of 708
98,89,1,2,1,0 depth of 709
97,89,0,3,1,1 depth of 710
99,89,1,1,1,0 depth of 711
98,89,0,2,1,1 depth of 712
100,89,1,0,1,0 depth of 713
99,89,0,1,1,1 depth of 714
100,90,1,0,0,0 depth of 715
depth of soution was = 715   

expanded nodes1324     

